21111111211111112222222211111222
20000000200000001111111200000222
20000000200000c00000000200000112
20000000200300000000000203000002
20007800200780000678500207800002
20000400100040000000000100000002
200000000000000b0000000000b0000d
20000000000300000030000000000002
20067850006780000078000007850002
20000000000000000000000000400002
20000000000000000000000000000002
20000300000030000000000000000002
200078000007800b0078000067850002
20004000000000000004000000000002
20000000000000000000000011111112
20000300000000000030000003000002
20007850000780020678000007800002
20000000000400020000000000400002
20000000b0000002000000b000000c02
20003000000000020030000000000002
20007800006785020078000007800002
20000000000000020004000004000022
20000000000000c20000000000000222
11111111111111111111111111111111